54 12 2 90 4 78 55 21 1 48
12 54 2 90 4 78 55 21 1 48
12 2 54 90 4 78 55 21 1 48
2 12 54 90 4 78 55 21 1 48
2 12 54 4 90 78 55 21 1 48
2 12 4 54 90 78 55 21 1 48
2 4 12 54 90 78 55 21 1 48
2 4 12 54 78 90 55 21 1 48
2 4 12 54 78 55 90 21 1 48
2 4 12 54 55 78 90 21 1 48
2 4 12 54 55 78 21 90 1 48
2 4 12 54 55 21 78 90 1 48
2 4 12 54 21 55 78 90 1 48
2 4 12 21 54 55 78 90 1 48
2 4 12 21 54 55 78 1 90 48
2 4 12 21 54 55 1 78 90 48
2 4 12 21 54 1 55 78 90 48
2 4 12 21 1 54 55 78 90 48
2 4 12 1 21 54 55 78 90 48
2 4 1 12 21 54 55 78 90 48
2 1 4 12 21 54 55 78 90 48
1 2 4 12 21 54 55 78 90 48
1 2 4 12 21 54 55 78 48 90
1 2 4 12 21 54 55 48 78 90
1 2 4 12 21 54 48 55 78 90
1 2 4 12 21 48 54 55 78 90
1 2 4 12 21 48 54 55 78 90
Trocas:25
CASO ALEATORIO
