54 12 2 90 4 78 55 21 2 48
12 54 2 90 4 78 55 21 2 48
12 2 54 90 4 78 55 21 2 48
12 2 54 4 90 78 55 21 2 48
12 2 54 4 78 90 55 21 2 48
12 2 54 4 78 55 90 21 2 48
12 2 54 4 78 55 21 90 2 48
12 2 54 4 78 55 21 2 90 48
12 2 54 4 78 55 21 2 48 90
2 12 54 4 78 55 21 2 48 90
2 12 4 54 78 55 21 2 48 90
2 12 4 54 55 78 21 2 48 90
2 12 4 54 55 21 78 2 48 90
2 12 4 54 55 21 2 78 48 90
2 12 4 54 55 21 2 48 78 90
2 4 12 54 55 21 2 48 78 90
2 4 12 54 21 55 2 48 78 90
2 4 12 54 21 2 55 48 78 90
2 4 12 54 21 2 48 55 78 90
2 4 12 21 54 2 48 55 78 90
2 4 12 21 2 54 48 55 78 90
2 4 12 21 2 48 54 55 78 90
2 4 12 2 21 48 54 55 78 90
2 4 2 12 21 48 54 55 78 90
2 2 4 12 21 48 54 55 78 90
2 2 4 12 21 48 54 55 78 90
Trocas: 24
