90 78 55 54 48 21 12 4 2 2
78 90 55 54 48 21 12 4 2 2
78 55 90 54 48 21 12 4 2 2
78 55 54 90 48 21 12 4 2 2
78 55 54 48 90 21 12 4 2 2
78 55 54 48 21 90 12 4 2 2
78 55 54 48 21 12 90 4 2 2
78 55 54 48 21 12 4 90 2 2
78 55 54 48 21 12 4 2 90 2
78 55 54 48 21 12 4 2 2 90
55 78 54 48 21 12 4 2 2 90
55 54 78 48 21 12 4 2 2 90
55 54 48 78 21 12 4 2 2 90
55 54 48 21 78 12 4 2 2 90
55 54 48 21 12 78 4 2 2 90
55 54 48 21 12 4 78 2 2 90
55 54 48 21 12 4 2 78 2 90
55 54 48 21 12 4 2 2 78 90
54 55 48 21 12 4 2 2 78 90
54 48 55 21 12 4 2 2 78 90
54 48 21 55 12 4 2 2 78 90
54 48 21 12 55 4 2 2 78 90
54 48 21 12 4 55 2 2 78 90
54 48 21 12 4 2 55 2 78 90
54 48 21 12 4 2 2 55 78 90
48 54 21 12 4 2 2 55 78 90
48 21 54 12 4 2 2 55 78 90
48 21 12 54 4 2 2 55 78 90
48 21 12 4 54 2 2 55 78 90
48 21 12 4 2 54 2 55 78 90
48 21 12 4 2 2 54 55 78 90
21 48 12 4 2 2 54 55 78 90
21 12 48 4 2 2 54 55 78 90
21 12 4 48 2 2 54 55 78 90
21 12 4 2 48 2 54 55 78 90
21 12 4 2 2 48 54 55 78 90
12 21 4 2 2 48 54 55 78 90
12 4 21 2 2 48 54 55 78 90
12 4 2 21 2 48 54 55 78 90
12 4 2 2 21 48 54 55 78 90
4 12 2 2 21 48 54 55 78 90
4 2 12 2 21 48 54 55 78 90
4 2 2 12 21 48 54 55 78 90
2 4 2 12 21 48 54 55 78 90
2 2 4 12 21 48 54 55 78 90
2 2 4 12 21 48 54 55 78 90
Trocas: 44
