90 78 55 54 48 21 12 4 2 1
78 90 55 54 48 21 12 4 2 1
78 55 90 54 48 21 12 4 2 1
55 78 90 54 48 21 12 4 2 1
55 78 54 90 48 21 12 4 2 1
55 54 78 90 48 21 12 4 2 1
54 55 78 90 48 21 12 4 2 1
54 55 78 48 90 21 12 4 2 1
54 55 48 78 90 21 12 4 2 1
54 48 55 78 90 21 12 4 2 1
48 54 55 78 90 21 12 4 2 1
48 54 55 78 21 90 12 4 2 1
48 54 55 21 78 90 12 4 2 1
48 54 21 55 78 90 12 4 2 1
48 21 54 55 78 90 12 4 2 1
21 48 54 55 78 90 12 4 2 1
21 48 54 55 78 12 90 4 2 1
21 48 54 55 12 78 90 4 2 1
21 48 54 12 55 78 90 4 2 1
21 48 12 54 55 78 90 4 2 1
21 12 48 54 55 78 90 4 2 1
12 21 48 54 55 78 90 4 2 1
12 21 48 54 55 78 4 90 2 1
12 21 48 54 55 4 78 90 2 1
12 21 48 54 4 55 78 90 2 1
12 21 48 4 54 55 78 90 2 1
12 21 4 48 54 55 78 90 2 1
12 4 21 48 54 55 78 90 2 1
4 12 21 48 54 55 78 90 2 1
4 12 21 48 54 55 78 2 90 1
4 12 21 48 54 55 2 78 90 1
4 12 21 48 54 2 55 78 90 1
4 12 21 48 2 54 55 78 90 1
4 12 21 2 48 54 55 78 90 1
4 12 2 21 48 54 55 78 90 1
4 2 12 21 48 54 55 78 90 1
2 4 12 21 48 54 55 78 90 1
2 4 12 21 48 54 55 78 1 90
2 4 12 21 48 54 55 1 78 90
2 4 12 21 48 54 1 55 78 90
2 4 12 21 48 1 54 55 78 90
2 4 12 21 1 48 54 55 78 90
2 4 12 1 21 48 54 55 78 90
2 4 1 12 21 48 54 55 78 90
2 1 4 12 21 48 54 55 78 90
1 2 4 12 21 48 54 55 78 90
1 2 4 12 21 48 54 55 78 90
Trocas:45
PIOR CASO
